MELA_3003_X = [2.74359360601660;3.51652969136103;64.8192310175296;65.5858315611910;0.364013796715724;72.7859663080637;0.304410058003455;0.304410058003469;71.6236027852337;72.4598942874098;0.304410058003469;72.7259870381020];
MELA_3003_Y = [14.6014346014346;14.6014346014346;14.6014346014346;14.6014346014346;14.6016613323498;14.6931031915813;15.9907129428540;14.6014346014346;14.6014346014346;14.6014346014346;14.6014346014346;14.6014346014346]; 

MELA_3004_X = [20.0090930347354;20.7766101166507;72.6725728092281;0.427818473474090;72.7456038970913;0.0240562851001442;72.6044530407410;0.165660528277769;72.5776470375208;0.289808007066597;72.6725728092281;0.289808007066611;39.9645371645320;41.0862928996389;42.2670884102777;43.3888441453847;44.5696396560235;45.7504351666623;46.8131511262373;47.9939466368762;49.1747421475150;50.3555376581539;51.4182536177288;52.4809695773038;53.7798446390065;54.8425605985815;56.0233561092204;57.1451118443273;58.2668675794342;59.4476630900730;60.5694188251799;61.6911745602868;62.8719700709257;63.9346860305007;65.2335610922034;66.2962770517783;67.4180327868853;68.6578680730561;69.7205840326310;70.9013795432699;71.7869761762490;72.5544932581643;0.644046660258255;1.11636486451378;2.17908082408876;3.47795588579149;4.54067184536646;5.66242758047336;6.90226286664416;7.96497882621912;9.14577433685797;10.2084902964329;11.3892858070718;12.5700813177106;13.6327972772856;14.8726325634564;15.9943882985633;17.0571042581383;18.2969395443091;19.4186952794160;20.4814112389909;21.6622067496298;22.7839624847367;24.0237977709075;25.0865137304825;26.2673092411213;27.4481047517602;28.5108207113351;29.6916162219740;30.8724117326128;31.9351276921878;33.1159232028267;34.2967187134655;35.4775142241043;36.5402301836793;37.6619859187862;38.9018212049570;39.9645371645320;72.6725728092281;0.289808007066597;72.6725728092281];
MELA_3004_Y = [14.6366998031023;14.6366998031023;14.6366998031023;16.7122691788340;8.78478499642307;14.9277241511790;8.96172501560774;15.1459924122365;11.5809441482975;15.1456745496586;11.7616219612140;15.5714610769360;15.3537426099870;13.1039851181803;11.8702471388025;11.1445189156391;10.9948374696116;11.1445189156391;12.0153927834352;11.6525286718535;11.1445189156391;11.1445189156391;10.9993732710064;10.4187906924757;10.9948374696116;10.1284994032103;11.1445189156391;11.1445189156391;10.2781808492377;9.76563529162858;10.4187906924757;9.76563529162858;9.76563529162858;9.03990706846515;9.76109949023380;10.1284994032103;10.2736450478430;9.76109949023380;8.49561090109259;10.1284994032103;9.33019835773052;9.40277118004687;15.8735532824281;17.1104067617538;16.3828458915622;15.6598322768093;16.0190654564664;15.5097728473323;15.2960518417135;15.8735532824281;15.1459924122365;15.2960518417135;15.1459924122365;15.1459924122365;14.9277241511790;14.2729193680065;14.0546511069490;14.0546511069490;14.6366998031023;14.6366998031023;14.6366998031023;14.4184315420448;13.3958043189422;13.7636267588724;13.8727608894011;12.6677381981463;13.7636267588724;14.4184315420448;12.3130522739279;12.8177976276233;12.8177976276233;13.1815780627191;12.1629928444508;11.9447245833934;13.1815780627191;11.9447245833934;10.5259808865197;13.1815780627191;10.1985784949335;13.8727608894011;9.68928588579935];

MELA_3006_X = [38.5774173659184;34.8521188562256;35.7390946918668;0.304410058003469;70.6415938243454;0.161003494336811;69.4430327763661;70.0651933985267];
MELA_3006_Y = [14.7105147105147;14.7105147105147;14.7105147105147;26.1639261639262;2.65716265716266;19.6463896463897;3.50501259592170;2.46627246627247];

MELA_3007_X = [11.3472592117356;70.6766060283838;71.3955232846403;22.7892474915062;68.3354566516784;68.9119909448451;41.0014043347377;72.7315960649294;41.0609497057136;72.7259870381020;41.0609497057136;71.7503136188968];
MELA_3007_Y = [21.2007812007812;2.02859650228072;1.97541197541199;21.9370719370719;3.50253350253351;2.65716265716266;10.9770000679092;1.23912123912125;14.2250969150353;1.43730199171678;13.0743130743131;1.97541197541199];

MELA_3009_X = [7.96497882621912;44.3334805538957;0.139669603992431;71.6592013245127;0.146665929052332;64.9427589595733;65.6379007930439;3.81464836949269;4.64290246894697;47.7712766476731;48.5403697400235;4.54067184536646;37.6619859187862];
MELA_3009_Y = [14.6563994101730;14.7482390610005;18.1653700235317;8.23416414541612;16.0797885461180;10.7637548013614;10.7655057883475;14.7104545083187;14.7125407906851;14.8211764939061;14.8231137561034;14.6366998031023;14.6366998031023];

MELA_3011_X = [0.289808007066597;40.9829732924580;41.6766906549583;0.168593130389397;72.5907177829056;0.411221359870609;50.1954816031738;50.9482231603657;0.289808007066597;72.6725728092281;0.409780956272357;72.7704803877806;0.289808007066597;72.6725728092281;0.289808007066597;72.6725728092281;0.289808007066597;39.9645371645320;41.0862928996389;42.2670884102777;43.3888441453846;44.5696396560235;45.7504351666623;46.8131511262373;47.9939466368762;49.1747421475150;50.3555376581538;51.4182536177288;52.4809695773038;53.7798446390065;54.8425605985815;56.0233561092203;57.1451118443273;58.2668675794341;59.4476630900730;60.5694188251799;61.6911745602868;62.8719700709257;63.9346860305006;65.2335610922034;66.2962770517783;67.4180327868852;68.6578680730561;69.7205840326310;70.9308994310358;72.0231352783768;72.6725728092281];
MELA_3011_Y = [14.6366998031023;14.6366998031023;14.6366998031023;14.6366998031023;9.83479805983767;14.6362859750092;14.5105681461119;14.5086672835938;14.6362230092355;12.9069241294501;14.6366998031023;11.9447245833934;14.6363819405245;10.8885489169841;14.6366998031023;10.3440906689718;14.6376386294159;14.5195590783520;14.3768796208165;14.3798614276616;14.3826941441644;13.9900647278427;13.9884992792491;13.8820487748809;13.8850305817259;12.6511589092452;12.6541407160903;12.0747756460975;11.4226544890856;11.4213872211765;11.4286181027757;11.4315999096207;10.4886034948744;10.4914362113772;10.4944180182223;10.4972507347251;10.2090591031512;10.2120409099963;10.2101772807181;9.63595582753307;9.63863945369361;9.64147217019641;9.35357871930707;9.35626234546761;10.2187499753976;10.3200320145678;10.5278142548868];

MELA_3012_X = [2.30761126034233;59.2923387224412;0.974920028506631;64.9825788682009;65.6379007930439;1.68030126705283;2.33562319189578;57.9469698695399;58.5385799405787;0.289808007066597;69.3663453794394;10.0905623896053;14.6899042472745;19.7773577821563;24.3706988777584;29.8148436734011;39.8257174893916;49.8533263499047];
MELA_3012_Y = [15.5045701558541;9.68569454143498;11.9423145173641;8.85444518568171;8.79602459411244;16.5325616669349;16.3284956484207;9.54300700704016;8.26828151937897;15.1459924122365;8.23416414541612;14.2480627595353;13.5452654332126;14.7692718076523;13.3343815091390;14.8576060070257;11.6992670253792;10.5826034754946];

MELA_3016_X = [9.61809254111353;10.5036891740926;35.1991838537395;35.9498324283599;0.120679730881278;72.6075190784642;1.70676261983321;2.17908082408876;72.6725728092281;9.02081699463383;72.6780606384052;0.289808007066597;39.9645371645320;41.0862928996389;42.2670884102777;43.3888441453846;44.5696396560235;45.7504351666623;46.8131511262373;47.9939466368762;49.1747421475150;50.3555376581538;51.4182536177288;52.4809695773038;53.7798446390065;54.8425605985815;56.0233561092203;57.1451118443273;58.2668675794341;59.4476630900730;60.5694188251799;61.8092541113507;62.5177314177340;0.289808007066597;72.6725728092281;3.60929697359398;5.26237341590281;8.68668039675549;10.3398313842354;12.1109873776082;17.1884080733552;22.4429480956981;24.1551015861244;31.0038646381720;35.1262516489209;36.0261432059060;36.8915913440608;39.0908229826256;39.7845403451259;41.2014949578926;44.7461614103026;45.4789217255037;45.8294692632523;46.7727401397651;49.4986706849220;35.6917536015897;45.2670144063587;45.0211127670144;0.289808007066597;44.4431258513122;45.1009976358110;0.289808007066597;71.7279364007171;72.3183341560365];
